1 1.000000 0.188750 0.742047 0.160542 0.594812 0.287354 0.593500 0.381167 0.609141 0.379437 0.603938 0.558375 0.608875 0.558375 0.607062 0.571750 0.609531 0.584250 0.612016 0.596937 0.618906 0.606146 0.629063 0.610833 0.640000 0.607500 0.647031 0.599792 0.650312 0.583396 0.652922 0.570875 0.663609 0.571750 0.657875 0.582688 0.657344 0.595208 0.657344 0.608583 0.659828 0.621083 0.663750 0.632292 0.676094 0.639583 0.688281 0.638750 0.695625 0.638542 0.707188 0.639792 0.717187 0.637708 0.724531 0.626667 0.727344 0.616458 0.728234 0.607708 0.738922 0.607708 0.749594 0.607708 0.759766 0.607708 0.769141 0.606146 0.787484 0.603625 0.805469 0.606667 0.815781 0.626458 0.818437 0.653750 0.829375 0.654583 0.830313 0.639583 0.831563 0.627083 0.844141 0.630000 0.856734 0.627604 0.999687 0.632083
0 0.632766 0.361021 0.638031 0.363354 0.640484 0.369896 0.641531 0.376917 0.641531 0.384396 0.638734 0.390458 0.638031 0.397937 0.642234 0.403083 0.648187 0.403083 0.653453 0.404021 0.657312 0.409167 0.660109 0.415250 0.662219 0.422250 0.662922 0.429729 0.662563 0.436750 0.661516 0.443750 0.661516 0.451229 0.662563 0.458250 0.664672 0.465271 0.665375 0.472750 0.666078 0.479750 0.666078 0.487229 0.664672 0.494250 0.663969 0.496583 0.660813 0.503125 0.661516 0.510146 0.658016 0.515750 0.656266 0.523229 0.656266 0.530708 0.656266 0.538187 0.655203 0.545667 0.654500 0.553146 0.653453 0.560167 0.651344 0.567167 0.649594 0.574188 0.646094 0.580271 0.645031 0.587271 0.641188 0.592417 0.641188 0.600375 0.641531 0.608313 0.642578 0.615333 0.641188 0.622333 0.639078 0.628875 0.638375 0.636354 0.635578 0.642437 0.629969 0.644312 0.624359 0.644312 0.619094 0.641500 0.622594 0.635896 0.624359 0.628875 0.624359 0.621396 0.624359 0.613917 0.622953 0.605979 0.620500 0.598958 0.619797 0.591479 0.619094 0.584479 0.619094 0.577000 0.618750 0.569979 0.619437 0.562958 0.619797 0.555958 0.619437 0.548479 0.618047 0.541000 0.616984 0.533042 0.615234 0.526042 0.612437 0.519500 0.609625 0.513417 0.607516 0.506875 0.606125 0.499854 0.605422 0.491917 0.605063 0.484896 0.604016 0.476958 0.602969 0.469479 0.602266 0.462458 0.601219 0.455438 0.599812 0.447958 0.598766 0.440958 0.598406 0.433000 0.598406 0.425521 0.600516 0.418521 0.604375 0.412896 0.608578 0.408229 0.613141 0.404479 0.617344 0.399813 0.621203 0.394208 0.620141 0.387187 0.618047 0.380188 0.615594 0.373646 0.615938 0.366625 0.620141 0.361479 0.625047 0.358667 0.630312 0.358208
1 0.516359 0.519292 0.502812 0.518000 0.497969 0.516083 0.497969 0.516083 0.497656 0.485833 0.503594 0.469792 0.497500 0.467708 0.498906 0.459792 0.504219 0.458333 0.509219 0.460833 0.513906 0.446875 0.523906 0.443750 0.529219 0.443125 0.550594 0.445167 0.549375 0.519042
1 0.324422 0.446562 0.369437 0.446250 0.376453 0.463021 0.384219 0.465000 0.384687 0.469375 0.379844 0.470833 0.381781 0.487875 0.381531 0.493042 0.381297 0.498188 0.380078 0.503042 0.380078 0.508208 0.379844 0.513042 0.377672 0.517229 0.374031 0.518208 0.370406 0.517229 0.366531 0.516271 0.363141 0.514333 0.359516 0.513687 0.355391 0.513687 0.351531 0.513042 0.347656 0.513042 0.344016 0.512708 0.340156 0.512062 0.336031 0.512062 0.332172 0.512708 0.328047 0.513687 0.324422 0.514000 0.320547 0.515625 0.316922 0.517229 0.312797 0.517563 0.309172 0.516917 0.308203 0.512062 0.307234 0.507229 0.307000 0.502062 0.307000 0.496250 0.306750 0.491417 0.307000 0.486583 0.308453 0.482062 0.311594 0.479479 0.314500 0.475937 0.312797 0.471417 0.313531 0.466562 0.317406 0.465604 0.320797 0.463021 0.321750 0.457854 0.322719 0.452687 0.323937 0.448500
1 0.550938 0.534062 0.537813 0.533542 0.537813 0.533542 0.535828 0.520813 0.525891 0.514979 0.523109 0.522417 0.523109 0.522417 0.517547 0.520292 0.517547 0.478937 0.543375 0.439729 0.599031 0.439729 0.609766 0.440250 0.609766 0.439729 0.614141 0.534604
1 0.473750 0.523125 0.471094 0.514583 0.418797 0.513458 0.417656 0.521042 0.411094 0.520875 0.409812 0.484938 0.411953 0.479813 0.411953 0.472396 0.403594 0.473125 0.404687 0.465833 0.412797 0.466125 0.412797 0.466125 0.417078 0.463271 0.423922 0.447313 0.436328 0.443312 0.458563 0.444458 0.458984 0.443875 0.471828 0.453000 0.476875 0.465833 0.484219 0.465833 0.484844 0.473125 0.477813 0.473542 0.478437 0.473333 0.481234 0.488937 0.481656 0.512312 0.481656 0.512312 0.480781 0.522708 0.477344 0.524375
1 0.099344 0.421396 0.156141 0.420312 0.169516 0.467917 0.170328 0.513896 0.168703 0.521458 0.167500 0.553375 0.167500 0.554458 0.163031 0.557708 0.151672 0.557708 0.148016 0.557708 0.148016 0.549583 0.141937 0.545813 0.135047 0.549042 0.128953 0.549042 0.097312 0.549583
0 0.218203 0.461000 0.218594 0.454729 0.219188 0.450812 0.221141 0.447438 0.224078 0.446125 0.227406 0.445083 0.229172 0.441437 0.229562 0.437521 0.229953 0.433604 0.231125 0.429958 0.233859 0.428396 0.237188 0.428396 0.239922 0.430208 0.240703 0.434125 0.240516 0.438042 0.239734 0.442208 0.238953 0.446125 0.240703 0.449521 0.243641 0.451083 0.245984 0.454208 0.247156 0.457854 0.246406 0.462500 0.247359 0.465958 0.246969 0.469854 0.244422 0.472729 0.242469 0.475854 0.242469 0.480042 0.242469 0.484729 0.242859 0.489167 0.243641 0.493333 0.243844 0.497250 0.243844 0.501417 0.243641 0.505604 0.243063 0.509771 0.242469 0.514208 0.242078 0.518375 0.241875 0.522292 0.241875 0.526458 0.241875 0.530646 0.241484 0.534542 0.240703 0.538458 0.237766 0.540021 0.234844 0.540292 0.231906 0.538979 0.232297 0.535062 0.234453 0.531938 0.234375 0.527708 0.234063 0.515833 0.232031 0.507708 0.228906 0.517083 0.228594 0.527083 0.228594 0.530417 0.227797 0.533500 0.226422 0.537167 0.223484 0.537687 0.220750 0.536125 0.221344 0.532208 0.223484 0.528813 0.224281 0.524896 0.224859 0.520729 0.224859 0.516562 0.224672 0.512646 0.224281 0.508458 0.224078 0.504292 0.223687 0.500375 0.223484 0.496458 0.223484 0.492292 0.223484 0.488125 0.222703 0.484208 0.222516 0.480042 0.222516 0.475604 0.221344 0.471417 0.220953 0.467521 0.219578 0.463854
0 0.247750 0.459437 0.250875 0.458375 0.253234 0.461250 0.253422 0.465167 0.253812 0.469083 0.254016 0.473250 0.255578 0.476646 0.257141 0.480042 0.258703 0.483687 0.259687 0.487854 0.259687 0.492042 0.258125 0.495417 0.256547 0.499083 0.256547 0.503250 0.256547 0.507687 0.257141 0.511604 0.257531 0.515500 0.258125 0.519937 0.259094 0.523854 0.259687 0.527771 0.260469 0.531687 0.257344 0.532458 0.255375 0.529083 0.255188 0.525167 0.254797 0.521250 0.254016 0.517083 0.252453 0.513417 0.251078 0.517083 0.250875 0.520979 0.250875 0.525417 0.250875 0.529854 0.250688 0.534021 0.249125 0.537417 0.246188 0.537687 0.246766 0.533771 0.247156 0.529854 0.247156 0.525417 0.246188 0.521500 0.245594 0.517604 0.245594 0.513417 0.245594 0.509250 0.245594 0.504812 0.245203 0.500896 0.245203 0.496729 0.244625 0.492813 0.243641 0.488646 0.243063 0.484458 0.243063 0.480292 0.243063 0.476125 0.244234 0.472479 0.247344 0.471667 0.247969 0.467917 0.246563 0.463125
1 0.000000 0.415625 0.014156 0.411667 0.033125 0.411875 0.059219 0.412708 0.072563 0.413833 0.085141 0.414917 0.091625 0.414917 0.096500 0.420312 0.100969 0.426271 0.105422 0.432208 0.108672 0.439250 0.112328 0.446813 0.114750 0.454937 0.117594 0.462500 0.121656 0.469000 0.124094 0.476562 0.124094 0.485229 0.124484 0.493333 0.126109 0.501458 0.126516 0.509563 0.127734 0.517687 0.127734 0.526333 0.126922 0.534437 0.123687 0.541479 0.123281 0.549583 0.122063 0.557708 0.123281 0.565812 0.118813 0.572313 0.113141 0.575562 0.106641 0.575562 0.101375 0.570146 0.098125 0.562292 0.096719 0.557708 0.055313 0.570000 0.051875 0.578792 0.050656 0.586917 0.047188 0.597083 0.041719 0.602292 0.035000 0.605208 0.028594 0.605625 0.023078 0.602063 0.016984 0.598812 0.012531 0.592854 0.000000 0.592917
0 0.208375 0.513458 0.207516 0.524292 0.207516 0.533417 0.206672 0.541958 0.200250 0.544250 0.199828 0.535687 0.201531 0.527146 0.201719 0.520625 0.195156 0.521042 0.194687 0.525438 0.195125 0.534542 0.192547 0.542542 0.186141 0.543667 0.187422 0.535125 0.190422 0.526563 0.190422 0.516875 0.189984 0.515167
1 0.162187 0.423354 0.205813 0.423917 0.212656 0.449583 0.217500 0.455000 0.220625 0.481042 0.214531 0.492708 0.212188 0.513125 0.186250 0.515208 0.181859 0.534542 0.173313 0.535687 0.163469 0.536271
